0.000000000000000000e+00
3.061224489795918435e-01
6.122448979591836871e-01
9.183673469387755306e-01
1.224489795918367374e+00
1.530612244897959329e+00
1.836734693877551061e+00
2.142857142857142794e+00
2.448979591836734748e+00
2.755102040816326703e+00
3.061224489795918657e+00
3.367346938775510168e+00
3.673469387755102122e+00
3.979591836734694077e+00
4.285714285714285587e+00
4.591836734693877986e+00
4.897959183673469497e+00
5.204081632653061007e+00
5.510204081632653406e+00
5.816326530612244916e+00
6.122448979591837315e+00
6.428571428571428825e+00
6.734693877551020336e+00
7.040816326530612734e+00
7.346938775510204245e+00
7.653061224489795755e+00
7.959183673469388154e+00
8.265306122448979664e+00
8.571428571428571175e+00
8.877551020408162685e+00
9.183673469387755972e+00
9.489795918367347483e+00
9.795918367346938993e+00
1.010204081632653050e+01
1.040816326530612201e+01
1.071428571428571530e+01
1.102040816326530681e+01
1.132653061224489832e+01
1.163265306122448983e+01
1.193877551020408134e+01
1.224489795918367463e+01
1.255102040816326614e+01
1.285714285714285765e+01
1.316326530612244916e+01
1.346938775510204067e+01
1.377551020408163218e+01
1.408163265306122547e+01
1.438775510204081698e+01
1.469387755102040849e+01
1.500000000000000000e+01
